Q0: 18151 13004 9659 5524 10992 1346 20635 7579 8817 7191
Q1: 20119 20646 2343 23996 5677 23676 16952 1701 24788 22391
Q10: 20133 25180 9098 9896 14253 21939 19250 20256 2280 9680
Q11: 21074 5364 18516 2478 18780 20646 16550 12077 27902 23276
Q12: 28004 18727 6211 14313 6999 26920 5947 5095 5328 4632
Q13: 17984 27322 18780 6814 927 8737 1091 28122 19968 6024
Q14: 9813 26947 2486 28279 9958 23589 9668 12077 15338 18755
Q15: 27223 2370 16976 25918 8238 9584 23108 17527 12291 2972
Q16: 22498 9921 14938 12141 7191 19030 11455 8162 16055 17138
Q17: 20646 16952 21823 2343 23799 25464 16840 6144 5011 24608
Q18: 24365 14733 27258 8886 16383 10271 16035 21456 2730 24070
Q19: 14905 16731 16440 5336 18780 20306 26381 25358 15338 11186
Q2: 9736 11494 13735 15619 20320 17992 6243 19565 15964 19782
Q20: 28462 2798 12165 12313 23573 8771 7023 15814 13558 3687
Q21: 11560 21447 13565 11269 5699 20487 12819 12950 18983 1455
Q22: 3016 9221 11542 10536 6198 18386 22212 3243 14719 14310
Q23: 20860 26513 16915 17911 10716 855 4657 1085 25835 10978
Q24: 3434 21416 19773 1497 23908 23904 25577 4111 2337 24457
Q25: 26296 26636 21287 184 26965 20013 6689 11242 16263 17890
Q26: 6512 25733 2519 23654 239 8070 23819 24165 14198 26741
Q27: 10584 2669 22998 22140 16661 10065 28013 6907 25421 19659
Q28: 11296 5677 8551 27046 10891 15251 3394 18271 27123 20026
Q29: 21582 18248 1122 1583 22108 9271 6304 26070 15819 10701
Q3: 2640 15033 26969 6558 18780 19968 802 7547 22081 17155
Q30: 717 3976 23382 18832 24301 28368 3715 23737 26071 4493
Q31: 18202 22668 25333 2154 24376 11084 27757 23784 664 19871
Q32: 23206 12621 3951 23743 13449 18394 14757 8745 4280 5736
Q33: 753 21984 8742 10193 7103 27044 11148 20005 21079 11315
Q34: 22507 13500 26282 23654 25733 7787 239 18586 4913 10001
Q35: 4981 9016 18953 1783 17650 13997 17415 20450 2499 19981
Q36: 4910 2848 2052 7503 55 6901 17858 27378 5781 17734
Q37: 127 8084 7576 26006 27178 18623 15454 18026 5239 20403
Q38: 15034 11353 23703 13722 28272 13035 23830 11448 19937 6216
Q39: 2252 8570 12281 13169 10528 24079 19274 20789 28376 2452
Q4: 745 27658 22102 18887 12131 14991 25300 12369 21514 84
Q40: 628 23119 12224 10474 16840 10701 8555 10907 25288 25143
Q41: 25470 6370 18709 9639 12035 22036 17616 307 21676 27226
Q42: 11476 21748 7370 4702 22805 3899 6807 28285 1835 20856
Q43: 15412 9854 19189 5123 25710 8225 19488 2174 1351 22924
Q44: 18317 23971 26538 12351 1252 28213 14548 11352 23283 8048
Q45: 2237 5420 21823 25167 22208 8172 4188 7176 12224 9451
Q46: 26449 4173 6890 21835 7165 24165 6476 8425 881 7466
Q47: 13861 11767 18335 16811 6971 6947 6307 15160 20646 19607
Q48: 9668 2486 23179 3771 28279 18309 27285 12071 27917 1131
Q49: 3891 18107 2131 4647 21557 13774 25641 3899 22805 21748
Q5: 27335 9022 21586 11455 8170 276 26883 2274 11022 25932
Q6: 2237 21823 16840 5420 20646 16952 11009 8595 5239 25464
Q7: 127 16411 11370 2237 18141 1555 24365 14733 16383 2408
Q8: 1575 9770 8360 5943 82 6539 580 4597 26942 2304
Q9: 8952 14885 6058 13565 15244 20775 6338 8910 17712 24490
