Q0: 7093 27376 4906 4675 20410 869 18902 19975 11020 16373
Q1: 13043 6504 20485 2266 11213 22380 26907 14512 17072 18923
Q10: 24128 4509 7338 21939 8702 1110 20256 17786 593 9635
Q11: 25399 8042 19133 18115 7357 131 2710 18516 7208 19602
Q12: 11534 15592 24065 28107 9133 11032 23423 24620 25872 26907
Q13: 18923 26941 11087 17031 6053 10443 21911 8425 9686 12288
Q14: 26907 10921 10345 11534 1168 14959 15908 17031 18870 21002
Q15: 11700 16976 18263 11653 11503 9113 1025 8282 11032 15007
Q16: 24330 20334 27485 2267 3110 7045 17777 13086 19243 23882
Q17: 17269 13908 18923 26635 18807 22460 18750 2439 26203 1176
Q18: 22584 11991 2843 2335 7937 15137 12979 14903 26763 14115
Q19: 18923 14905 8980 13861 26907 26941 7704 25088 4043 15427
Q2: 15619 16244 17917 24523 15831 16553 3525 13769 25818 20443
Q20: 23 2254 20362 2349 2025 17160 9562 12148 21619 15946
Q21: 7931 7708 1683 16858 25924 3320 16764 6732 11221 13726
Q22: 1125 17031 19812 13908 6042 6702 3625 22469 18923 14834
Q23: 14477 11565 17628 25828 15509 21033 8923 17127 5796 12250
Q24: 17836 23908 17045 11232 23904 7527 25793 13879 3434 6799
Q25: 15287 17186 25572 26907 4779 10390 23254 11703 14559 17269
Q26: 15428 24436 5682 6944 7218 22854 15622 26953 13629 19282
Q27: 932 144 10422 4569 11946 3958 27300 24393 13840 21372
Q28: 27876 11276 12310 17972 20485 18527 20484 4987 11477 26907
Q29: 12637 13884 23423 1073 21445 17972 18488 11984 6298 6504
Q3: 8922 13690 24620 18848 22664 28115 4987 12311 13611 18488
Q30: 24301 18832 3976 377 17043 26907 10937 11174 11534 23448
Q31: 20910 5593 5817 24587 24366 25543 6043 15047 1547 24242
Q32: 19209 11534 10041 26907 11774 14634 10282 21892 2751 21970
Q33: 2011 753 17031 17427 21984 9370 12684 13908 14959 26167
Q34: 17835 23253 24594 17121 7158 1017 18914 2595 6814 1762
Q35: 11534 19284 26907 16495 23513 26825 18482 10571 10812 11425
Q36: 4910 7786 9301 27835 20399 18166 26907 23047 23496 24888
Q37: 20396 5379 11198 15287 6168 27156 7419 18923 18977 2525
Q38: 25082 14222 26625 21821 25748 13722 23247 11448 11353 16672
Q39: 8922 11534 23047 26907 14959 21002 10041 11560 11892 12684
Q4: 18348 15095 12131 13286 19195 3109 4656 20247 21514 14991
Q40: 17031 1125 3736 26167 27645 7480 11315 11534 21677 7861
Q41: 11477 631 15287 17186 28294 1539 5049 565 5912 18407
Q42: 26907 11534 12169 11477 14291 24675 28409 8073 8922 14305
Q43: 26907 4987 11534 5045 13861 8922 11269 13025 14989 15569
Q44: 26907 4987 7762 11534 23210 5236 10679 17043 17694 23370
Q45: 13908 17556 17867 18923 2690 12457 13152 9121 10921 26907
Q46: 3808 18872 10361 18836 18903 22253 13096 17307 6843 7583
Q47: 13861 26907 19886 11477 4987 9993 27876 4647 1031 13043
Q48: 6705 21993 2159 22137 9338 21513 16233 15701 7906 9912
Q49: 4987 13611 8922 11477 2182 15287 26907 11977 18848 20893
Q5: 14075 2523 21680 12571 6172 28067 4028 8248 14671 4995
Q6: 19043 18068 26693 18293 22511 15161 26701 27514 1742 18239
Q7: 654 8084 25855 5653 5232 13186 273 15158 172 11653
Q8: 22183 2754 24057 24872 3526 18387 22327 18498 17742 17845
Q9: 9693 28189 1974 5303 14969 7415 22720 11406 26819 15927
